%YAML:1.0
---
model_type: PINHOLE
camera_name: camera
image_width: 960
image_height: 720
distortion_parameters:
   k1: -0.016272
   k2: 0.093492
   p1: 0.000093
   p2: 0.002999
projection_parameters:
   fx: 937.878723
   fy: 939.156738
   cx: 489.753885
   cy: 363.172139
