%YAML:1.0
---
model_type: PINHOLE
camera_name: camera
image_width: 960
image_height: 720
distortion_parameters:
   k1: -0.016272
   k2: 0.093492
   p1: 0.000093
   p2: 1.3924531371276508e-05
projection_parameters:
   fx: 929.562627
   fy: 928.604856
   cx: 487.474037
   cy: 363.165223
